
7x7 matrix is as follows

     |      0    |      1    |      2    |      3    |      4    |
----------------------------------------------------------------------
   0 |          1           0           0           0           0 
   1 |          0           1           0           0           0 
   2 |          0           0           1           0           0 
   3 |          0           0           0           1           0 
   4 |          0           0           0           0           1 
   5 |          0           0           0           0           0 
   6 |          0           0           0           0           0 


     |      5    |      6    |
----------------------------------------------------------------------
   0 |          0           0 
   1 |          0           0 
   2 |          0           0 
   3 |          0           0 
   4 |          0           0 
   5 |          1           0 
   6 |          0           1 


