
6x6 matrix is as follows

     |      0    |      1    |      2    |      3    |      4    |
----------------------------------------------------------------------
   0 |          1      0.9237     0.08959      0.4232       0.705 
   1 |     0.9237           1       0.055      0.4632      0.8194 
   2 |    0.08959       0.055           1    -0.08428     0.02051 
   3 |     0.4232      0.4632    -0.08428           1      0.7229 
   4 |      0.705      0.8194     0.02051      0.7229           1 
   5 |    -0.3651     -0.4005     0.02287     -0.9572     -0.6551 


     |      5    |
----------------------------------------------------------------------
   0 |    -0.3651 
   1 |    -0.4005 
   2 |    0.02287 
   3 |    -0.9572 
   4 |    -0.6551 
   5 |          1 


