
7x7 matrix is as follows

     |      0    |      1    |      2    |      3    |      4    |
----------------------------------------------------------------------
   0 |     0.0108           0           0           0           0 
   1 |          0     0.04986           0           0           0 
   2 |          0           0    0.003107           0           0 
   3 |          0           0           0   0.0005149           0 
   4 |          0           0           0           0    0.002528 
   5 |          0           0           0           0           0 
   6 |          0           0           0           0           0 


     |      5    |      6    |
----------------------------------------------------------------------
   0 |          0           0 
   1 |          0           0 
   2 |          0           0 
   3 |          0           0 
   4 |          0           0 
   5 |     0.0758           0 
   6 |          0      0.2549 


