
7x7 matrix is as follows

     |      0    |      1    |      2    |      3    |      4    |
----------------------------------------------------------------------
   0 |  0.0001433           0           0           0           0 
   1 |          0     0.00303           0           0           0 
   2 |          0           0   7.573e-05           0           0 
   3 |          0           0           0   1.335e-05           0 
   4 |          0           0           0           0   3.065e-05 
   5 |          0           0           0           0           0 
   6 |          0           0           0           0           0 


     |      5    |      6    |
----------------------------------------------------------------------
   0 |          0           0 
   1 |          0           0 
   2 |          0           0 
   3 |          0           0 
   4 |          0           0 
   5 |    0.07585           0 
   6 |          0      0.2549 


