
7x7 matrix is as follows

     |      0    |      1    |      2    |      3    |      4    |
----------------------------------------------------------------------
   0 |  0.0007461           0           0           0           0 
   1 |          0    0.002412           0           0           0 
   2 |          0           0    0.003092           0           0 
   3 |          0           0           0   6.696e-05           0 
   4 |          0           0           0           0   0.0002342 
   5 |          0           0           0           0           0 
   6 |          0           0           0           0           0 


     |      5    |      6    |
----------------------------------------------------------------------
   0 |          0           0 
   1 |          0           0 
   2 |          0           0 
   3 |          0           0 
   4 |          0           0 
   5 |    0.08894           0 
   6 |          0      0.2549 


