
7x7 matrix is as follows

     |      0    |      1    |      2    |      3    |      4    |
----------------------------------------------------------------------
   0 |   0.008516     -0.1426   -0.001178  -8.758e-07  -2.848e-05 
   1 |    -0.1426       7.872     0.04391   2.219e-05   0.0003156 
   2 |  -0.001178     0.04391    0.000348   3.178e-08   2.621e-06 
   3 | -8.758e-07   2.219e-05   3.178e-08   7.428e-09   8.796e-10 
   4 | -2.848e-05   0.0003156   2.621e-06   8.796e-10   1.502e-07 
   5 |     -1.922      -39.91     -0.4531  -0.0001006    0.003019 
   6 |  1.412e-05  -3.525e-05  -4.214e-07  -3.063e-09  -7.034e-08 


     |      5    |      6    |
----------------------------------------------------------------------
   0 |     -1.922   1.412e-05 
   1 |     -39.91  -3.525e-05 
   2 |    -0.4531  -4.214e-07 
   3 | -0.0001006  -3.063e-09 
   4 |   0.003019  -7.034e-08 
   5 |  7.258e+04   -0.002352 
   6 |  -0.002352   5.289e-08 


