
5x5 matrix is as follows

     |      0    |      1    |      2    |      3    |      4    |
----------------------------------------------------------------------
   0 |      4.813     0.01516    9.91e-06  -3.172e-05    0.000116 
   1 |    0.01516   0.0001178  -2.073e-08  -3.484e-07   8.113e-07 
   2 |   9.91e-06  -2.073e-08   2.797e-09  -7.106e-10  -6.913e-10 
   3 | -3.172e-05  -3.484e-07  -7.106e-10   2.506e-08  -6.934e-09 
   4 |   0.000116   8.113e-07  -6.913e-10  -6.934e-09   1.791e-08 


