
7x7 matrix is as follows

     |      0    |      1    |      2    |      3    |      4    |
----------------------------------------------------------------------
   0 |          1     -0.5506     -0.6843     -0.1101     -0.7963 
   1 |    -0.5506           1      0.8389     0.09178      0.2902 
   2 |    -0.6843      0.8389           1     0.01977      0.3625 
   3 |    -0.1101     0.09178     0.01977           1     0.02633 
   4 |    -0.7963      0.2902      0.3625     0.02633           1 
   5 |    -0.0773     -0.0528    -0.09016   -0.004333     0.02891 
   6 |     0.6653    -0.05462    -0.09823     -0.1545     -0.7892 


     |      5    |      6    |
----------------------------------------------------------------------
   0 |    -0.0773      0.6653 
   1 |    -0.0528    -0.05462 
   2 |   -0.09016    -0.09823 
   3 |  -0.004333     -0.1545 
   4 |    0.02891     -0.7892 
   5 |          1    -0.03796 
   6 |   -0.03796           1 


