
5x5 matrix is as follows

     |      0    |      1    |      2    |      3    |      4    |
----------------------------------------------------------------------
   0 |          1      0.6364     0.08542    -0.09132       0.395 
   1 |     0.6364           1    -0.03611     -0.2028      0.5584 
   2 |    0.08542    -0.03611           1    -0.08489    -0.09767 
   3 |   -0.09132     -0.2028    -0.08489           1     -0.3273 
   4 |      0.395      0.5584    -0.09767     -0.3273           1 


