
7x7 matrix is as follows

     |      0    |      1    |      2    |      3    |      4    |
----------------------------------------------------------------------
   0 |  0.0003985           0           0           0           0 
   1 |          0    0.003871           0           0           0 
   2 |          0           0      0.2661           0           0 
   3 |          0           0           0   6.136e-05           0 
   4 |          0           0           0           0   0.0002348 
   5 |          0           0           0           0           0 
   6 |          0           0           0           0           0 


     |      5    |      6    |
----------------------------------------------------------------------
   0 |          0           0 
   1 |          0           0 
   2 |          0           0 
   3 |          0           0 
   4 |          0           0 
   5 |     0.0758           0 
   6 |          0      0.2549 


