
7x7 matrix is as follows

     |      0    |      1    |      2    |      3    |      4    |
----------------------------------------------------------------------
   0 |  6.088e-05           0           0           0           0 
   1 |          0    0.002214           0           0           0 
   2 |          0           0       0.773           0           0 
   3 |          0           0           0   1.523e-05           0 
   4 |          0           0           0           0   2.805e-05 
   5 |          0           0           0           0           0 
   6 |          0           0           0           0           0 


     |      5    |      6    |
----------------------------------------------------------------------
   0 |          0           0 
   1 |          0           0 
   2 |          0           0 
   3 |          0           0 
   4 |          0           0 
   5 |    0.07585           0 
   6 |          0      0.2549 


