
6x6 matrix is as follows

     |      0    |      1    |      2    |      3    |      4    |
----------------------------------------------------------------------
   0 |      9.236     0.07449   9.319e-06   0.0006634    0.001952 
   1 |    0.07449    0.000704   4.994e-08    6.34e-06   1.981e-05 
   2 |  9.319e-06   4.994e-08   1.171e-09  -1.488e-09   6.396e-10 
   3 |  0.0006634    6.34e-06  -1.488e-09   2.661e-07   3.397e-07 
   4 |   0.001952   1.981e-05   6.396e-10   3.397e-07   8.299e-07 
   5 |  -0.000264  -2.529e-06   1.863e-10  -1.175e-07   -1.42e-07 


     |      5    |
----------------------------------------------------------------------
   0 |  -0.000264 
   1 | -2.529e-06 
   2 |  1.863e-10 
   3 | -1.175e-07 
   4 |  -1.42e-07 
   5 |  5.662e-08 


